Grep-ing stats to be introduced in the table, ensure that the results folders are ordered in the same way as table rows
state count
25
25
22
22
29
29
19
19
13
16
20
20
17
17
10
10
22
28
19
25
22
22
18
18
hyp count
12
11
13
12
15
15
12
11
9
7
8
6
6
8
5
3
13
12
10
10
10
10
10
12
total tests
23450
1226
15291
1677
24086
3022
15016
3146
42135
6751
35178
2731
122314
74476
50104
2535
33701
3874
29337
1958
31557
1929
26020
1033
30688
2533
25135
1687
21040
465
12011
403
47370
11777
41361
4005
37618
4313
38227
2701
23806
1152
22707
2852
19741
1027
26371
1487
total learning tests
695
690
556
571
1617
1636
1104
1107
804
925
907
922
795
781
262
260
1358
1693
1175
1503
487
478
803
815
total tests to last hyp
1226
1677
3022
3146
6751
2731
74476
2535
3874
1958
1929
1033
2533
1687
465
403
11777
4005
4313
2701
1152
2852
1027
1487
time
485
287
350
209
3491
2200
3821
1233
1142
813
634
437
632
432
445
245
401
317
315
298
2245
1855
321
506
